S	000003	000003	488.72147
I	RetTime	0.01
I	PrecursorInt	78285.7
I	IonInjectionTime	50.000
I	ActivationType	HCD
I	PrecursorFile	07082013_HEKstd_1ug_ddMS2OT-HCD_3sec_50ms.ms1
I	PrecursorScan	2
I	InstrumentType	FTMS
Z	2	976.43566
124.4817 1452.0 0	
125.1964 1764.3 0
147.4158 2574.4 0
161.3936 1957.5 0
172.0722 16109.3 0
173.4859 15565.0 0
173.4951 4205.1 0
199.8397 1732.4 0
229.9342 2197.2 0
261.7367 2086.6 0
271.1402 4278.1 0
302.1350 2804.5 0
308.5926 1863.2 0
311.1150 2237.3 0
359.9258 1831.8 0
359.9566 2501.8 0
479.2277 2424.6 0
554.7396 1939.7 0
568.1367 2024.4 0
635.2650 7583.1 1
636.2681 2123.9 1
689.5320 2178.5 0
706.3017 9182.0 0
766.7208 2244.0 0
891.2605 2118.3 0
S	000005	000005	488.72183
I	RetTime	0.02
I	PrecursorInt	47025.1
I	IonInjectionTime	50.000
I	ActivationType	HCD
I	PrecursorFile	07082013_HEKstd_1ug_ddMS2OT-HCD_3sec_50ms.ms1
I	PrecursorScan	4
I	InstrumentType	FTMS
Z	2	976.43639
121.1670 1148.4 0
123.3222 1485.3 0
129.1021 1316.6 0
129.2137 1342.9 0
155.0448 1802.7 0
170.6693 1788.3 0
172.0717 11392.2 0
173.4889 20624.3 0
219.2237 1897.4 0
271.1405 9261.2 0
302.1335 2326.4 0
464.3567 2367.4 0
483.8260 2216.8 0
635.2646 3569.4 0
706.3018 9267.3 0
S	000007	000007	488.72168
I	RetTime	0.03
I	PrecursorInt	46058.1
I	IonInjectionTime	50.000
I	ActivationType	HCD
I	PrecursorFile	07082013_HEKstd_1ug_ddMS2OT-HCD_3sec_50ms.ms1
I	PrecursorScan	6
I	InstrumentType	FTMS
Z	2	976.43608
121.8184 1353.2 0
129.1023 3312.2 0
129.5703 1707.4 0
142.5425 1545.6 0
147.4156 3724.6 0
147.4641 1691.7 0
155.0449 1701.2 0
172.0718 11509.5 0
173.4862 14355.9 0
173.4952 4146.3 0
226.1197 1853.9 0
226.9086 1729.2 0
243.1459 1904.5 0
271.1409 6934.6 0
284.6053 1921.7 0
296.1399 1893.0 0
297.1555 2245.2 0
302.1344 3604.6 0
359.9417 2562.0 0
399.3728 2353.8 0
546.6252 1929.6 0
635.2648 6971.9 0
649.4413 1968.6 0
706.3008 4222.8 0
707.3053 2816.5 0
854.2753 2510.6 0
S	000009	000009	590.72333
I	RetTime	0.04
I	PrecursorInt	5290.9
I	IonInjectionTime	50.000
I	ActivationType	HCD
I	PrecursorFile	07082013_HEKstd_1ug_ddMS2OT-HCD_3sec_50ms.ms1
I	PrecursorScan	8
I	InstrumentType	FTMS
Z	2	1180.43938
126.5431 1440.1 0
127.1410 1195.3 0
129.5679 1545.5 0
135.2563 1690.4 0
136.1453 1465.4 0
146.2136 1673.1 0
173.4856 17967.3 0
173.4951 6677.7 0
244.5671 1774.7 0
253.4783 2227.6 0
296.5354 2113.0 0
336.3065 2172.0 0
346.8648 2308.7 0
359.9013 2336.6 0
359.9306 2182.3 0
371.6723 1911.0 0
458.1237 2023.7 0
543.9861 2023.6 0
979.8566 2174.8 0
1078.2974 2604.6 0
S	000012	000012	388.21000
I	RetTime	0.05
I	PrecursorInt	.0
I	IonInjectionTime	50.000
I	ActivationType	HCD
I	PrecursorFile	07082013_HEKstd_1ug_ddMS2OT-HCD_3sec_50ms.ms1
I	PrecursorScan	11
I	InstrumentType	FTMS
Z	2	775.41272
129.0546 3054.0 0
135.6403 1388.4 0
147.0654 6751.3 0
149.0448 9579.3 0
158.4239 1740.4 0
159.1129 3511.8 0
167.0552 8850.2 0
173.4838 6463.6 0
173.4932 10051.4 0
208.9590 1971.4 0
221.0844 2948.5 0
222.9392 1868.9 0
223.0643 46405.7 1
223.0816 4120.4 0
224.0606 1760.1 1
225.0430 11027.7 1
226.0434 3026.9 0
227.0401 10186.1 0
241.0924 2383.2 0
258.8178 1976.3 0
264.1745 1992.4 0
281.0512 9924.4 0
286.1508 2638.9 0
297.0839 2095.9 0
297.1013 2687.3 0
298.1010 2113.3 0
299.0627 32353.4 0
301.0594 2401.2 0
353.0018 2039.4 0
355.0706 20195.1 1
356.0714 2499.2 1
359.8773 2652.5 0
359.9012 2219.3 0
373.0822 3578.0 0
453.6964 1947.5 0
479.1388 2423.9 0
589.3092 4085.5 0
642.0950 2087.3 0
S	000017	000017	627.56647
I	RetTime	0.09
I	PrecursorInt	8863.8
I	IonInjectionTime	50.000
I	ActivationType	HCD
I	PrecursorFile	07082013_HEKstd_1ug_ddMS2OT-HCD_3sec_50ms.ms1
I	PrecursorScan	16
I	InstrumentType	FTMS
Z	2	1254.12566
127.7573 1249.1 0
136.0266 1676.4 0
138.0557 1748.5 0
144.7739 1488.2 0
147.4154 2270.1 0
151.3664 1648.6 0
153.0717 1467.0 0
154.4860 1534.1 0
157.1096 1904.2 0
173.4859 19604.6 0
173.4951 6079.6 0
182.8037 1647.6 0
186.0757 2625.9 0
204.0869 11068.8 1
205.0907 1984.0 1
206.0908 2535.5 1
223.1848 1850.7 0
228.3578 1868.8 0
246.8594 1803.9 0
267.8155 1944.4 0
355.0704 3048.9 0
359.8977 2251.0 0
359.9235 2535.2 0
456.9699 2158.1 0
999.6920 2263.7 0
S	000046	000046	396.55078
I	RetTime	0.32
I	PrecursorInt	9087.8
I	IonInjectionTime	50.000
I	ActivationType	HCD
I	PrecursorFile	07082013_HEKstd_1ug_ddMS2OT-HCD_3sec_50ms.ms1
I	PrecursorScan	45
I	InstrumentType	FTMS
Z	3	1187.63779
120.2466 1166.1 0
120.6909 1209.2 0
122.4515 1289.0 0
128.2120 1249.3 0
136.6986 1357.9 0
153.2148 1633.6 0
157.1495 1794.1 0
161.5550 1390.1 0
173.4908 16085.6 0
197.5147 1857.4 0
218.8806 1893.3 0
220.7756 1949.1 0
306.4893 1890.4 0
310.2278 1684.5 0
317.4376 1801.7 0
345.9124 2232.9 0
359.9877 2963.5 0
360.0205 3250.7 0
360.0450 3072.6 0
394.4696 2087.5 0
396.5505 13000.9 0
423.9232 2222.5 0
999.9223 1972.5 0
S	000048	000048	396.55099
I	RetTime	0.33
I	PrecursorInt	4647.4
I	IonInjectionTime	50.000
I	ActivationType	HCD
I	PrecursorFile	07082013_HEKstd_1ug_ddMS2OT-HCD_3sec_50ms.ms1
I	PrecursorScan	47
I	InstrumentType	FTMS
Z	3	1187.63843
129.8943 1443.5 0
147.4156 3137.7 0
149.9980 1762.9 0
153.0477 1620.8 0
158.4114 1971.3 0
173.4911 14855.9 0
221.1333 1680.7 0
241.3034 1787.1 0
269.6342 1677.6 0
359.9991 2030.7 0
360.0243 3014.1 0
396.5504 10515.2 3
396.8859 7563.7 3
404.5774 1985.1 0
483.4761 2120.8 0
947.0930 2370.3 0
1000.0048 3124.5 0
S	000054	000054	396.55075
I	RetTime	0.37
I	PrecursorInt	13459.6
I	IonInjectionTime	50.000
I	ActivationType	HCD
I	PrecursorFile	07082013_HEKstd_1ug_ddMS2OT-HCD_3sec_50ms.ms1
I	PrecursorScan	53
I	InstrumentType	FTMS
Z	3	1187.6377
120.6979 1315.9 0
120.7613 1315.8 0
126.5637 1279.4 0
142.1753 1378.0 0
147.4161 1758.6 0
151.4400 1565.0 0
173.4855 10874.8 0
183.6667 1717.8 0
183.6767 1624.0 0
293.0869 1922.0 0
307.9525 1953.1 0
338.3882 1761.0 0
350.5259 2281.9 0
360.0034 2880.8 0
360.0289 2589.3 0
378.9505 2003.4 0
381.3017 2131.7 0
396.5515 10907.1 3
396.8853 9606.7 3
415.7858 2016.7 0
483.0723 1817.6 0
504.0304 2028.3 0
520.5096 2083.9 0
643.6863 1883.1 0
681.4269 2293.0 0
739.9057 2433.3 0
980.7695 2187.3 0
S	000077	000077	646.04840
I	RetTime	0.55
I	PrecursorInt	57518.4
I	IonInjectionTime	50.000
I	ActivationType	HCD
I	PrecursorFile	07082013_HEKstd_1ug_ddMS2OT-HCD_3sec_50ms.ms1
I	PrecursorScan	76
I	InstrumentType	FTMS
Z	2	1291.08953
139.9566 1327.9 0
141.2623 1764.0 0
173.4842 13258.2 0
173.4940 11175.5 0
175.3929 1507.9 0
207.0706 1830.9 0
210.0563 1830.7 0
359.8708 1855.8 0
359.9445 2730.3 0
407.4473 1948.7 0
419.3344 2047.7 0
426.9938 2500.8 0
442.9662 52823.5 1
443.9684 2773.5 1
460.9693 3817.3 0
999.8394 2972.9 0
S	000087	000087	633.18439
I	RetTime	0.63
I	PrecursorInt	4503.3
I	IonInjectionTime	50.000
I	ActivationType	HCD
I	PrecursorFile	07082013_HEKstd_1ug_ddMS2OT-HCD_3sec_50ms.ms1
I	PrecursorScan	86
I	InstrumentType	FTMS
Z	2	1265.3615
120.0352 1279.5 0
145.1221 1316.4 0
147.4083 1608.3 0
173.4850 14105.0 0
173.4944 8879.7 0
210.7503 1887.7 0
221.9244 1655.3 0
326.0133 1821.9 0
360.0877 2003.4 0
360.1109 2476.1 0
378.6374 1810.5 0
489.4548 1981.0 0
525.6928 2146.9 0
581.9600 2089.6 0
982.9972 2164.0 0
1000.1912 2777.6 0
S	000104	000104	482.69189
I	RetTime	0.76
I	PrecursorInt	14193.7
I	IonInjectionTime	50.000
I	ActivationType	HCD
I	PrecursorFile	07082013_HEKstd_1ug_ddMS2OT-HCD_3sec_50ms.ms1
I	PrecursorScan	103
I	InstrumentType	FTMS
Z	2	964.37651
124.0248 1372.5 0
129.3372 1300.6 0
147.4152 3352.0 0
159.0194 1453.9 0
169.1727 1554.0 0
173.4918 15342.9 0
182.7879 1489.2 0
203.0664 2422.1 0
342.7929 2129.2 0
356.7188 1863.8 0
360.0074 2700.7 0
377.0331 2230.3 0
381.0456 2542.0 0
502.2623 2254.5 0
562.4559 2130.5 0
600.6596 1903.2 0
658.4159 2116.0 0
S	000108	000108	436.23660
I	RetTime	0.79
I	PrecursorInt	16275.6
I	IonInjectionTime	50.000
I	ActivationType	HCD
I	PrecursorFile	07082013_HEKstd_1ug_ddMS2OT-HCD_3sec_50ms.ms1
I	PrecursorScan	107
I	InstrumentType	FTMS
Z	2	871.46593
120.4671 1147.1 0
123.2189 1440.8 0
129.1025 2322.4 0
134.2909 1540.7 0
138.2838 1423.5 0
147.4154 3322.0 0
149.0238 2253.3 0
153.3146 1486.1 0
164.6010 1504.0 0
173.4872 17407.7 0
186.9736 1747.9 0
211.5917 1602.0 0
217.2192 1719.4 0
218.5805 1715.5 0
221.4529 1810.9 0
233.6471 1770.7 0
249.2876 1989.5 0
359.8271 1887.9 0
360.0698 2390.0 0
387.0974 1988.2 0
436.7394 2348.2 0
437.2510 2832.6 0
535.6970 2002.3 0
620.4572 2241.8 0
644.3026 3303.4 0
647.4619 2115.8 0
S	000110	000110	436.23648
I	RetTime	0.79
I	PrecursorInt	18121.1
I	IonInjectionTime	50.000
I	ActivationType	HCD
I	PrecursorFile	07082013_HEKstd_1ug_ddMS2OT-HCD_3sec_50ms.ms1
I	PrecursorScan	109
I	InstrumentType	FTMS
Z	2	871.46568
122.0930 1243.3 0
129.1026 1888.3 0
173.4831 4084.0 0
173.4920 14179.0 0
180.6097 1952.6 0
192.9274 2318.3 0
237.4286 1815.1 0
321.9269 2289.8 0
355.0710 2125.2 0
360.0493 2938.8 0
400.2294 2817.1 0
436.2362 6809.2 0
437.2522 2148.2 0
439.9835 2180.6 0
511.7547 1825.2 0
535.5051 1910.8 0
629.5979 2181.4 0
650.2397 2550.0 0
S	000117	000117	436.23657
I	RetTime	0.84
I	PrecursorInt	15846.9
I	IonInjectionTime	50.000
I	ActivationType	HCD
I	PrecursorFile	07082013_HEKstd_1ug_ddMS2OT-HCD_3sec_50ms.ms1
I	PrecursorScan	116
I	InstrumentType	FTMS
Z	2	871.46587
129.1020 1716.5 0
129.5884 1345.5 0
129.7388 1368.6 0
147.4158 2092.1 0
149.1345 1379.9 0
152.3690 1350.6 0
153.1101 1420.8 0
153.5461 1536.9 0
168.3096 1720.0 0
173.4888 17565.4 0
182.3774 1784.4 0
184.8089 1953.5 0
185.0111 1834.2 0
255.4034 1855.5 0
259.6866 1671.0 0
301.2672 2018.4 0
350.6117 2018.9 0
359.9263 1649.9 0
386.7032 2853.9 0
436.2365 2517.6 0
442.4323 1861.1 0
479.2636 2296.7 0
510.6053 2079.2 0
644.3018 7607.5 0
S	000145	000145	470.57626
I	RetTime	1.07
I	PrecursorInt	5638.9
I	IonInjectionTime	50.000
I	ActivationType	HCD
I	PrecursorFile	07082013_HEKstd_1ug_ddMS2OT-HCD_3sec_50ms.ms1
I	PrecursorScan	144
I	InstrumentType	FTMS
Z	2	940.14525
121.4031 1254.0 0
122.3899 1291.1 0
123.9976 1412.4 0
130.6285 1323.7 0
134.0826 1615.2 0
136.0619 2196.1 0
144.2172 1551.5 0
147.4080 2197.6 0
153.1001 1777.0 0
153.1070 1696.7 0
171.0224 1793.9 0
173.4827 4306.2 0
173.4919 15253.9 0
178.6733 1742.5 0
227.2124 2136.6 0
261.7206 1989.5 0
280.4519 2340.1 0
312.5652 2254.7 0
340.1923 1739.0 0
342.8452 1843.0 0
353.0627 1864.8 0
359.9435 2374.4 0
359.9713 3052.4 0
364.0718 1964.9 0
416.0869 1944.4 0
430.4143 1971.5 0
513.4283 2059.2 0
516.9810 2121.8 0
936.4714 2312.7 0
S	000151	000151	658.09119
I	RetTime	1.11
I	PrecursorInt	42756.9
I	IonInjectionTime	50.000
I	ActivationType	HCD
I	PrecursorFile	07082013_HEKstd_1ug_ddMS2OT-HCD_3sec_50ms.ms1
I	PrecursorScan	150
I	InstrumentType	FTMS
Z	2	1315.1751
129.5779 1623.4 0
138.0552 8834.2 0
147.6629 1802.6 0
159.0260 1658.2 0
164.3374 1893.7 0
168.0662 2116.3 0
173.4891 28211.9 0
186.0762 16527.9 0
194.0665 1664.5 0
204.0872 35562.7 0
223.8124 1671.0 0
244.0748 1556.7 0
259.6650 1871.5 0
279.5842 1972.3 0
290.5074 2062.0 0
291.7215 1859.7 0
307.1392 1705.1 0
359.9404 2238.9 0
359.9858 2264.8 0
376.6635 1868.7 0
404.8387 1971.8 0
421.9089 1998.1 0
479.2036 2072.4 0
577.3223 2295.9 0
783.5258 2251.0 0
940.7340 2204.5 0
1205.0197 2219.2 0
1233.6256 2273.2 0
S	000157	000157	436.73000
I	RetTime	1.15
I	PrecursorInt	.0
I	IonInjectionTime	50.000
I	ActivationType	HCD
I	PrecursorFile	07082013_HEKstd_1ug_ddMS2OT-HCD_3sec_50ms.ms1
I	PrecursorScan	156
I	InstrumentType	FTMS
Z	2	872.45272
140.1675 1589.9 0
147.4165 1545.2 0
151.1430 1684.5 0
173.4876 16626.7 0
188.0691 1737.2 0
232.0103 1855.2 0
308.1937 2185.7 0
337.8879 2123.1 0
371.9652 2022.6 0
381.3357 2223.7 0
430.1072 1899.5 0
437.5114 2189.8 0
515.5756 2538.5 0
560.5143 2018.2 0
714.5873 2258.8 0
879.5519 2095.7 0
S	000164	000164	663.23077
I	RetTime	1.20
I	PrecursorInt	19099.1
I	IonInjectionTime	50.000
I	ActivationType	HCD
I	PrecursorFile	07082013_HEKstd_1ug_ddMS2OT-HCD_3sec_50ms.ms1
I	PrecursorScan	163
I	InstrumentType	FTMS
Z	2	1325.45427
127.3545 1274.1 0
135.4867 1651.0 0
136.6051 1513.6 0
153.0701 1718.7 0
173.4875 26529.7 0
226.3300 1964.6 0
249.4980 1985.5 0
257.3843 1843.3 0
259.2301 2104.6 0
263.3826 1889.1 0
356.7305 2773.5 0
359.8713 2485.8 0
359.8974 2073.4 0
359.9191 2355.9 0
393.4705 1919.4 0
454.8085 1882.0 0
556.8411 2492.4 0
612.1434 2285.1 0
643.6698 2106.1 0
808.5998 2133.5 0
999.6864 2715.1 0
S	000168	000168	414.71545
I	RetTime	1.22
I	PrecursorInt	21648.0
I	IonInjectionTime	50.000
I	ActivationType	HCD
I	PrecursorFile	07082013_HEKstd_1ug_ddMS2OT-HCD_3sec_50ms.ms1
I	PrecursorScan	167
I	InstrumentType	FTMS
Z	2	828.42363
124.6213 1383.6 0
138.9912 1514.3 0
147.4152 2752.1 0
171.4746 1506.2 0
173.4890 21891.7 0
210.4091 1858.7 0
359.7011 2498.0 0
414.7193 2940.3 0
415.2190 2797.2 0
478.9687 2510.1 0
656.9362 2145.1 0
657.3705 2322.3 0
S	000169	000169	498.73724
I	RetTime	1.23
I	PrecursorInt	16306.5
I	IonInjectionTime	50.000
I	ActivationType	HCD
I	PrecursorFile	07082013_HEKstd_1ug_ddMS2OT-HCD_3sec_50ms.ms1
I	PrecursorScan	167
I	InstrumentType	FTMS
Z	2	996.46721
127.2010 1470.5 0
129.4949 1344.9 0
133.4189 1425.6 0
136.0041 1462.5 0
140.0127 1553.7 0
141.3777 1400.6 0
145.0962 1468.1 0
147.4155 1689.8 0
154.4429 1744.9 0
173.4852 14485.9 0
173.4943 6374.6 0
236.0363 1781.7 0
239.3318 1950.7 0
267.0157 2115.9 0
274.3996 1846.9 0
324.5270 2284.9 0
342.8790 2031.0 0
373.8188 1856.1 0
498.7401 3044.9 2
499.2376 9765.1 2
S	000172	000172	414.71503
I	RetTime	1.24
I	PrecursorInt	12132.8
I	IonInjectionTime	50.000
I	ActivationType	HCD
I	PrecursorFile	07082013_HEKstd_1ug_ddMS2OT-HCD_3sec_50ms.ms1
I	PrecursorScan	171
I	InstrumentType	FTMS
Z	2	828.42278
122.2327 1338.3 0
122.3324 1447.3 0
122.4369 1604.9 0
129.4777 1472.4 0
130.9756 1270.5 0
131.0240 1261.2 0
132.2177 1481.1 0
133.2778 1496.0 0
140.1386 1710.4 0
147.1137 2305.0 0
147.4156 3409.5 0
149.3496 1542.6 0
166.1700 1526.0 0
173.4890 28346.5 0
175.7008 1675.0 0
175.9249 1650.7 0
197.7713 1604.1 0
198.7092 1607.1 0
206.1987 1686.4 0
216.1621 1845.1 0
359.7538 2463.4 0
414.7156 8176.1 0
415.5474 1963.0 0
475.6633 2259.8 0
531.5961 2062.4 0
582.6972 2321.6 0
776.6380 2066.9 0
S	000173	000173	663.23114
I	RetTime	1.25
I	PrecursorInt	11367.5
I	IonInjectionTime	50.000
I	ActivationType	HCD
I	PrecursorFile	07082013_HEKstd_1ug_ddMS2OT-HCD_3sec_50ms.ms1
I	PrecursorScan	171
I	InstrumentType	FTMS
Z	2	1325.455
122.0141 1207.7 0
122.4273 1293.5 0
124.0661 1248.2 0
133.4870 1312.2 0
152.9993 1521.8 0
153.5760 1721.5 0
162.0938 1723.1 0
165.4466 1896.1 0
168.5912 1552.0 0
173.4892 26749.3 0
248.3008 1889.3 0
359.6614 2763.1 0
359.7000 3292.1 0
359.7273 3275.4 0
478.9343 2032.0 0
596.8765 1966.2 0
674.2216 2154.4 0
757.1935 2427.6 0
S	000178	000178	663.23059
I	RetTime	1.28
I	PrecursorInt	17399.6
I	IonInjectionTime	50.000
I	ActivationType	HCD
I	PrecursorFile	07082013_HEKstd_1ug_ddMS2OT-HCD_3sec_50ms.ms1
I	PrecursorScan	177
I	InstrumentType	FTMS
Z	2	1325.45391
123.2857 1272.0 0
147.4153 1681.6 0
148.9721 1623.5 0
173.4892 29420.1 0
176.9519 1683.1 0
203.4610 1741.8 0
211.8604 1754.4 0
215.3637 1788.4 0
242.1584 1687.1 0
281.3301 2117.7 0
307.4664 1754.2 0
309.1512 1869.7 0
311.1931 1782.2 0
359.7668 1950.8 0
359.7951 2749.0 0
373.1695 1935.4 0
479.0225 2232.5 0
494.5564 2302.9 0
640.1099 2334.8 0
974.9352 2258.8 0
999.4436 2608.9 0
1024.3555 2110.9 0
1173.9313 2571.7 0
S	000189	000189	414.71585
I	RetTime	1.36
I	PrecursorInt	22105.7
I	IonInjectionTime	50.000
I	ActivationType	HCD
I	PrecursorFile	07082013_HEKstd_1ug_ddMS2OT-HCD_3sec_50ms.ms1
I	PrecursorScan	188
I	InstrumentType	FTMS
Z	2	828.42443
134.4207 1459.6 0
136.1505 1577.8 0
139.4100 1404.2 0
147.4081 2171.9 0
156.2593 1651.4 0
157.8996 1584.3 0
164.0857 1875.8 0
172.0703 1575.8 0
173.4834 5568.9 0
173.4928 12202.4 0
181.2785 1563.1 0
188.1466 1534.0 0
188.8615 1800.8 0
224.4211 1879.7 0
305.1491 2012.1 0
317.1809 2049.3 0
359.8225 2296.3 0
395.2250 2326.3 0
414.7142 14043.9 0
415.0375 3333.8 0
420.3564 2059.3 0
774.2143 2102.3 0
778.4656 1882.7 0
S	000195	000195	435.74457
I	RetTime	1.40
I	PrecursorInt	4061.0
I	IonInjectionTime	50.000
I	ActivationType	HCD
I	PrecursorFile	07082013_HEKstd_1ug_ddMS2OT-HCD_3sec_50ms.ms1
I	PrecursorScan	194
I	InstrumentType	FTMS
Z	2	870.48186
129.5213 1736.2 0
130.9120 1483.7 0
142.9915 1585.9 0
147.4160 3188.2 0
153.0312 2085.2 0
156.8800 1535.4 0
165.7465 1653.1 0
173.4908 15647.5 0
205.1228 2023.7 0
215.6967 1808.9 0
281.4522 1720.4 0
296.9995 1980.0 0
308.9623 1854.2 0
359.7982 2674.7 0
436.7281 2703.5 0
448.1061 1874.8 0
478.9857 2571.4 0
490.9537 1804.6 0
597.2586 1995.6 0
687.7732 2080.2 0
732.7887 2085.9 0
844.2592 2318.1 0
860.9396 2112.0 0
S	000199	000199	395.68335
I	RetTime	1.42
I	PrecursorInt	12350.9
I	IonInjectionTime	50.000
I	ActivationType	HCD
I	PrecursorFile	07082013_HEKstd_1ug_ddMS2OT-HCD_3sec_50ms.ms1
I	PrecursorScan	198
I	InstrumentType	FTMS
Z	3	1185.0355
122.3237 1218.7 0
123.3891 1451.8 0
129.5193 1389.0 0
133.8229 1639.7 0
139.6533 1519.5 0
147.1129 1709.5 0
147.4158 1888.8 0
173.4848 9276.7 0
173.4939 7253.4 0
181.5434 1679.2 0
184.2477 1721.0 0
206.2674 1535.6 0
216.4344 1786.9 0
221.5643 1922.7 0
259.7025 1859.2 0
261.7705 1773.8 0
269.4762 2058.2 0
285.0130 2433.0 0
286.0148 2453.6 0
301.5292 1880.1 0
359.8263 2306.5 0
359.8534 1995.8 0
403.4037 1941.2 0
434.8244 1871.0 0
448.2040 2035.2 0
999.5408 3077.8 0
1116.0106 2256.6 0
S	000203	000203	568.24011
I	RetTime	1.45
I	PrecursorInt	8068.2
I	IonInjectionTime	50.000
I	ActivationType	HCD
I	PrecursorFile	07082013_HEKstd_1ug_ddMS2OT-HCD_3sec_50ms.ms1
I	PrecursorScan	202
I	InstrumentType	FTMS
Z	2	1135.47295
135.8099 1410.6 0
150.7468 1537.3 0
152.5854 1714.4 0
153.0334 1964.1 0
164.1860 1459.6 0
166.2341 1620.2 0
173.4876 22804.4 0
193.4568 1496.1 0
193.4669 1849.3 0
199.1320 1634.3 0
201.5979 1881.7 0
212.2626 1831.7 0
317.7870 2005.0 0
331.0258 1908.4 0
475.3698 1868.0 0
680.6196 2252.1 0
789.2914 2055.8 0
966.5874 2248.3 0
S	000205	000205	568.23969
I	RetTime	1.46
I	PrecursorInt	13549.5
I	IonInjectionTime	50.000
I	ActivationType	HCD
I	PrecursorFile	07082013_HEKstd_1ug_ddMS2OT-HCD_3sec_50ms.ms1
I	PrecursorScan	204
I	InstrumentType	FTMS
Z	2	1135.47209
127.9896 1262.0 0
129.2347 1441.5 0
147.4158 2252.8 0
163.5720 1527.8 0
173.4908 22850.5 0
197.7832 1633.7 0
213.3054 1668.1 0
283.0355 1844.4 0
300.1736 1823.4 0
359.7965 2593.9 0
359.8245 3109.6 0
436.7130 1832.6 0
S	000208	000208	729.30048
I	RetTime	1.47
I	PrecursorInt	5335.7
I	IonInjectionTime	50.000
I	ActivationType	HCD
I	PrecursorFile	07082013_HEKstd_1ug_ddMS2OT-HCD_3sec_50ms.ms1
I	PrecursorScan	207
I	InstrumentType	FTMS
Z	2	1457.59368
121.8307 1235.5 0
122.0809 1408.6 0
123.5197 1387.3 0
128.6136 1298.3 0
133.7874 1485.0 0
138.4043 1548.3 0
146.5734 1440.0 0
147.4147 3284.4 0
150.7098 1628.0 0
162.7344 1484.2 0
171.4297 1519.1 0
171.5229 1566.6 0
173.4891 30079.3 0
186.0755 2203.0 0
204.0869 9170.5 0
313.1039 2224.4 0
479.0659 3156.7 0
626.4224 2019.4 0
729.2972 3817.9 2
729.8015 6785.3 2
797.5486 2353.2 0
999.4877 2218.0 0
1195.1844 3129.7 0
1311.5897 2003.0 0
S	000217	000217	380.19000
I	RetTime	1.54
I	PrecursorInt	.0
I	IonInjectionTime	50.000
I	ActivationType	HCD
I	PrecursorFile	07082013_HEKstd_1ug_ddMS2OT-HCD_3sec_50ms.ms1
I	PrecursorScan	216
I	InstrumentType	FTMS
Z	2	759.37272
131.2986 1451.5 0
137.9104 1495.3 0
150.8006 1728.3 0
166.0538 9085.4 0
173.1292 2653.8 0
173.4907 15498.2 0
174.1669 1942.7 0
177.8213 1687.0 0
233.5699 2462.8 0
267.1019 3319.0 0
359.7317 2379.7 0
375.4337 1976.5 0
379.2292 2818.8 0
380.1873 2537.2 0
431.6580 1864.1 0
S	000225	000225	480.24686
I	RetTime	1.60
I	PrecursorInt	17211.9
I	IonInjectionTime	50.000
I	ActivationType	HCD
I	PrecursorFile	07082013_HEKstd_1ug_ddMS2OT-HCD_3sec_50ms.ms1
I	PrecursorScan	224
I	InstrumentType	FTMS
Z	2	959.48644
135.0167 1407.9 0
137.2713 1689.2 0
142.6350 1456.9 0
162.7959 1720.5 0
173.4838 7770.4 0
173.4935 12147.4 0
196.6736 2207.3 0
223.0636 3118.6 0
283.7353 2059.0 0
329.5531 1967.3 0
359.7216 2367.1 0
480.2458 28753.3 1
481.2495 3302.6 1
538.3842 2264.2 0
S	000227	000227	380.19000
I	RetTime	1.60
I	PrecursorInt	.0
I	IonInjectionTime	50.000
I	ActivationType	HCD
I	PrecursorFile	07082013_HEKstd_1ug_ddMS2OT-HCD_3sec_50ms.ms1
I	PrecursorScan	226
I	InstrumentType	FTMS
Z	2	759.37272
135.6048 1820.5 0
147.4163 1878.1 0
166.0533 3922.1 0
173.1284 2557.8 0
173.4863 12783.9 0
180.3917 1711.7 0
183.8133 1588.9 0
188.7877 2069.2 0
197.9201 1635.4 0
207.7927 1621.8 0
225.6313 1709.6 0
234.2074 1834.8 0
239.4647 2207.5 0
267.1012 2047.6 0
359.6978 2551.8 0
554.5502 1952.0 0
612.9204 2088.9 0